 Decimal Octal Hexadecimal 
   0      0       0
   1      1       1
   2      2       2
   3      3       3
   4      4       4
   5      5       5
   6      6       6
   7      7       7
   8     10       8
   9     11       9
  10     12       a
  11     13       b
  12     14       c
  13     15       d
  14     16       e
  15     17       f
  16     20      10
  17     21      11
  18     22      12
  19     23      13
  20     24      14
  21     25      15
  22     26      16
  23     27      17
  24     30      18
  25     31      19
  26     32      1a
  27     33      1b
  28     34      1c
  29     35      1d
  30     36      1e
  31     37      1f
  32     40      20
  33     41      21
  34     42      22
  35     43      23
  36     44      24
  37     45      25
  38     46      26
  39     47      27
  40     50      28
  41     51      29
  42     52      2a
  43     53      2b
  44     54      2c
  45     55      2d
  46     56      2e
  47     57      2f
  48     60      30
  49     61      31
  50     62      32
  51     63      33
  52     64      34
  53     65      35
  54     66      36
  55     67      37
  56     70      38
  57     71      39
  58     72      3a
  59     73      3b
  60     74      3c
  61     75      3d
  62     76      3e
  63     77      3f
  64    100      40
  65    101      41
  66    102      42
  67    103      43
  68    104      44
  69    105      45
  70    106      46
  71    107      47
  72    110      48
  73    111      49
  74    112      4a
  75    113      4b
  76    114      4c
  77    115      4d
  78    116      4e
  79    117      4f
  80    120      50
  81    121      51
  82    122      52
  83    123      53
  84    124      54
  85    125      55
  86    126      56
  87    127      57
  88    130      58
  89    131      59
  90    132      5a
  91    133      5b
  92    134      5c
  93    135      5d
  94    136      5e
  95    137      5f
  96    140      60
  97    141      61
  98    142      62
  99    143      63
 100    144      64
